#include "RobotModel.hpp"

const RobotModel RobotModelControl = []() {
    RobotModel model;
    model.WheelRadius = 0.02768;

    model.A <<
        0.8122,   0.0660,  -0.1223,   0.0452,
        0.0616,   0.8107,   0.0493,  -0.1207,
       -0.1220,   0.0452,   0.7903,   0.0807,
        0.0494,  -0.1210,   0.0767,   0.7892;

    model.B <<
        3.9296,  -1.3279,   2.5316,  -0.9867,
       -1.3311,   3.9296,  -0.9834,   2.5319,
        2.5319,  -0.9867,   4.3815,  -1.6391,
       -0.9834,   2.5316,  -1.6424,   4.3815;

    model.PinvB <<
        0.4454,   0.1327,  -0.2544,  -0.0716,
        0.1342,   0.4454,  -0.0729,  -0.2545,
       -0.2545,  -0.0716,   0.4108,   0.1377,
       -0.0729,  -0.2544,   0.1390,   0.4108;

    model.K <<
        1.8697,   0.1828,  -0.3354,  -0.1046,
        0.1875,   1.8702,  -0.1092,  -0.3361,
       -0.3357,  -0.1047,   1.8248,   0.1877,
       -0.1092,  -0.3358,   0.1920,   1.8252;

    model.WheelAngles = {
        DegreesToRadians(180 - 30),  // M1
        DegreesToRadians(180 + 39),  // M2
        DegreesToRadians(360 - 39),  // M3
        DegreesToRadians(0 + 30),    // M4
    };

    model.WheelDist = 0.0798576;

    model.recalculateBotToWheel();

    return model;
}();
